
RUTA 1:
-5660.0181	,13168.3488,	-7622.5311;
-6594.3058	,13160.4288,	-7842.1178;
-7456.7461	,13156.2688,	-8028.2889;
-7720.4384	,13142.5088,	-8085.3274;
-8477.3056	,13053.3488,	-8270.6957;
-9279.0456	,12961.2513,	-8478.2206;
-10080.7856	,12869.1537,	-8685.7455;
-10493.6947	,12815.0841,	-8791.8741;
-11084.7624	,12736.5088,	-8907.2746;
-11989.9008	,12637.5488,	-9149.6425;
-12871.9144	,12531.6288,	-9372.4553;
-13603.386	,12437.6888,	-9487.979;
-14370.5133	,12366.9088,	-9462.017;
-14710.2538	,12336.1088,	-9427.4046;
-15323.5832	,12240.2488,	-9222.2452;
-15799.7138	,12176.7088,	-8988.8146;
-16125.2256	,12155.5488,	-8602.2361;
-16312.2578	,12092.6688,	-7919.5794;
-16478.1824	,12006.0288,	-7287.5142;
-16607.8831	,11976.1888,	-7040.6184;
-16967.7997	,11951.8288,	-6703.6;
-17534.0797	,11930.6688,	-6713.2;
-18309.7197	,11820.8688,	-6615.4;
-18552.176	,11820.8688,	-6585.7489;
-19211.5997	,11733.4688,	-6526.2;
-19452.5997	,11681.0288,	-6511.16;
-20007.9397	,11615.2688,	-6488.12;
-20749.0997	,11544.4088,	-6441.5;
-21187.7401	,11510.3288,	-6528.9016;
-21322.4404	,11500.4288,	-6576.5632;
-21424.7997	,11482.1088,	-6729.12;
-21488.6797	,11472.7888,	-6839.08;
-21479.7197	,11454.5888,	-7108.28;
-21436.3997	,11441.0688,	-7298.8;
-21349.7997	,11428.3488,	-7436.28;
-21295.5197	,11423.8088,	-7477.88;
-20822.7597	,11390.4688,	-7573.56;
-20402.7726	,11356.4288,	-7494.9554;
-19754.9997	,11255.5488,	-7286.6;
-19517.9997	,11218.7088,	-7202.96;
-19231.9997	,11180.5888,	-7111.9;
-18945.9997	,11142.4688,	-7020.84;
-18527.6797	,11100.7088,	-6875.54;
-18076.7997	,11061.7088,	-6697.44;
-17782.7197	,11003.2688,	-6570.44;
-16993.3597	,10894.7888,	-6330.56;
-16106.8178	,10766.0088,	-6269.814;
-15416.8997	,10660.2088,	-6641.62;
-14965.7197	,10601.1088,	-6951.6;
-14227.5597	,10454.9088,	-7582.84;
-13848.3597	,10375.6288,	-8067.92;
-13562.9597	,10310.0688,	-8469.88;
-13242.3743	,10228.4996,	-8914.3823;
-13162.7377	,10215.8688,	-9039.6354;
-13110.3184	,10189.9698,	-9348.2403;
-13174.313	,10180.4115,	-9548.3591;
-13514.2874	,10173.7209,	-9734.7046;
-13989.8844	,10144.0924,	-9579.0146;
-14135.8476	,10119.1879,	-9366.136;
-14185.8638	,10099.1088,	-9198.2013;
-14167.4895	,10060.5488,	-8904.5451;
-14011.9331	,9920.1088,	-8149.5557;
-13900.0722	,9788.3488,	-6995.8238;
-14489.4674	,9695.6688,	-6365.7769;
-14910.6971	,9634.5035,	-6115.1588;
-15616.5278	,9507.6088,	-5795.9508;
-16202.4915	,9463.8688,	-5665.2102;
-16721.2907	,9436.9088,	-5509.7246;
-17370.2893	,9392.8688,	-5303.029;
-18314.3129	,9281.0688,	-5031.2702;
-18798.4305	,9221.7888,	-4901.0415;
-19332.9905	,9157.5888,	-4790.0918;
-20195.9798	,9037.7488,	-4773.8036;
-20842.7424	,8948.0688,	-4775.8429;
-21767.7224	,8823.9288,	-4762.766;
-22638.8092	,8701.1688,	-4842.4473;
-22830.4186	,8671.3088,	-4830.8546;
-23516.8117	,8602.9888,	-4805.4985;
-24469.959	,8436.1905,	-4676.4997;
-25389.5607	,8334.2688,	-4445.1181;
-25887.4682	,8279.7488,	-4311.9458;
-26541.3443	,8206.9088,	-4069.8755;
-27357.412	,8079.7088,	-3937.184;
-27725.8797	,8055.7888,	-4260.32;
-28097.3997	,7974.1888,	-4695.76;
-28793.193	,7908.7888,	-4857.6884;
-29612.5225	,7824.4288,	-4964.9783;
-30455.8716	,7719.3288,	-5019.7887;
-30749.2769	,7687.123,	-5043.4457;
-31294.9797	,7625.6688,	-5080.22;
-31939.4676	,7565.0488,	-5055.0306;
-32849.9343	,7501.7088,	-4765.7222;
-33726.8239	,7388.9088,	-4650.823;
-34718.1503	,7263.8488,	-4563.1759;
-35572.6397	,7138.2688,	-4350.46;
-36136.2212	,7063.4288,	-4264.3704;
-36791.6188	,6961.0688,	-4240.4735;
-37398.436	,6891.1088,	-4284.2756;
-38296.8037	,6769.2888,	-4325.1585;
-39131.4416	,6659.5888,	-4360.5443;
-39790.6397	,6569.0288,	-4413.24;
-40247.4519	,6492.3488,	-4467.1798;
-40677.1934	,6450.2288,	-4455.4142;
-41050.5069	,6534.0688,	-4265.2443;
-41140.814	,6430.2688,	-4191.8086;
-41316.9834	,6394.5088,	-3690.1466;
-41280.5997	,6371.8288,	-3462.6;
-41108.3247	,6342.5888,	-3245.3362;
-40626.7197	,6313.3088,	-2911.08;
-40056.0397	,6241.0288,	-2890;
-39349.8273	,6160.1088,	-2872.6054;
-38828.2069	,6082.9237,	-2827.7571;
-37884.1917	,5940.7797,	-2823.7836;
-36927.7876	,5818.7406,	-2798.7538;
-36391.9307	,5734.6646,	-2791.5463;
-35584.6135	,5645.5632,	-2753.8843;
-34758.4661	,5514.7601,	-2707.4478;
-33951.8906	,5421.7853,	-2661.6867;
-33112.3898	,5324.2894,	-2653.9435;
-32125.1401	,5217.6289,	-2646.9942;
-31209.0797	,5101.2688,	-2617.66;
-30650.9086	,5013.8688,	-2657.9423;
-29837.2125	,4895.1688,	-2624.9567;
-29033.3579	,4787.1888,	-2621.401;
-28678.1359	,4740.9488,	-2622.2195;
-27791.1309	,4649.2292,	-2605.9853;
-27137.1987	,4584.2208,	-2575.018;
-26452.7872	,4496.833,	-2562.334;
-25649.83	,4408.0688,	-2570.9477;
-24731.3886	,4285.1288,	-2549.7533;
-24019.2914	,4198.1512,	-2550.3871;
-23334.7966	,4095.6632,	-2546.9486;
-22773.0419	,4001.6026,	-2515.7859;
-21609.3454	,3815.4357,	-2462.9295;
-20445.6488	,3629.2688,	-2410.073;
-20130.1785	,3613.262,	-2410.8287;
-19709.6643	,3550.1593,	-2403.7794;
-18774.7414	,3437.9758,	-2394.0624;
-18537.9979	,3393.9104,	-2386.7889;
-17812.2057	,3310.1801,	-2365.8678;
-17299.7353	,3255.1958,	-2340.4211;
-17161.284	,3210.0016,	-2337.2474;
-16370.9541	,3116.2314,	-2380.5142;
-15188.7069	,2955.3072,	-2669.5905;
-14723.2485	,2885.3901,	-2841.7661;
-14402.305	,2847.8562,	-3004.7891;
-14248.1735	,2826.6905,	-3115.8563;
-14052.2461	,2775.7128,	-3369.233;
-13617.9121	,2699.8702,	-3762.1566;
-13115.6972	,2654.0921,	-4200.7797;
-12473.5466	,2556.585,	-4744.5077;
-11919.7332	,2452.765,	-5237.4124;
-11426.6083	,2345.6764,	-5726.2936;
-10946.512	,2260.2288,	-6190.7116;
-10576.0806	,2196.8688,	-6541.6686;
-10243.4583	,2120.5711,	-6845.7443;
-9924.3162	,2044.7	  ,  -7160.3134;
-9605.1544	,1968.8288,	-7474.9061;
-9255.1995	,1939.7088,	-7812.905;
-8868.6289	,1884.5088,	-8144.29;
-8433.4351	,1831.0688,	-8503.452;
-7961.2794	,1739.8888,	-8902.3582;
-7297.7863	,1619.7855,	-9261.1869;
-6840.6919	,1560.6883,	-9292.0242;
-6136.9023	,1483.0567,	-9310.6903;
-5662.5557	,1426.894,	-9331.1795;
-5171.151	,1358.9767,	-9357.1448;
-4400.6602	,1276.6391,	-9649.6088;
-4061.0087	,1232.1806,	-9356.6497;
-3201.5688	,1104.1015,	-9304.1336;
-2820.5713	,1063.7495,	-9314.1938;
-2040.3539	,1043.8672,	-9345.0483;
-1568.8778	,1016.8286,	-9338.7759;
-508.7518	,873.2298,	-9274.4979;
7.596	    ,817.6279,	-9179.5867;
788.5771	,693.1058,	-9055.3783;
1180.8296	,649.5884,	-9022.8514;
2076.0929	,533.8874,	-8982.1825;
3055.3545	,392.9563,	-8918.1691;
3463.803	,336.4047,	-8891.1026;
4087.6052	,284.7371,	-8845.4286;
4711.4073	,233.0695,	-8799.7546;
5304.8195	,182.8768,	-9138.3776;
6247.1945	,66.014	  ,  -8982.5976;
6882.9904	,-18.3315,	-8875.3415;
7350.8585	,-73.637	  ,  -8790.4491;
7991.4382	,-145.2523,	-8664.6836;
8441.3501	,-145.4339,	-8582.1346;
8606.922	,-156.4946,	-8548.8476;
9529.1241	,-274.3587,	-8386.746;
9957.0255	,-326.7259,	-8313.4282;
10451.5596	,-378.1804,	-8236.286;
10864.0842	,-445.6621,	-8155.2771;
11261.2577	,-481.3041,	-8068.5152;
12068.5622	,-507.3976,	-7942.9292;
12491.0527	,-524.2274,	-7873.2815;
12918.6445	,-592.1497,	-7776.1637;
13734.1712	,-683.2325,	-7629.2552;
14448.9474	,-792.44,  -7500.8485;
14964.1764	,-856.7571,	-7401.5565;
15347.114	,-904.9203,	-7332.904;
16132.7941	,-953.1603,	-7214.9591;
16901.4425	,-1014.6029,-7079.8808;
17448.5035	,-1078.0768,-6983.09;
17854.7881	,-1127.6869,-6890.7901;
18352.3336	,-1200.1691,-6789.6061;
19086.3121	,-1283.9312,-6670.0905;
19848.2362	,-1379.7953,-6501.9567;
20316.1919	,-1431.0353,-6226.1974;
21067.6392	,-1558.4587,-5813.6044;
21677.1764	,-1626.0398,-5507.7081;
21990.7817	,-1675.7903,-5329.9954;
22454.4384	,-1731.4763,-5061.8416;
22886.9837	,-1793.3994,-4829.9919;
23299.9422	,-1837.7905,-4604.456;
23920.9723	,-1943.0516,-4259.1635;
24417.8073	,-2019.9012,-3980.9868;
25321.8518	,-2096.2464,-3689.6432;
25861.6692	,-2171.3884,-3567.7007;
26686.0587	,-2266.2771,-3408.4858;
26973.2446	,-2286.8881,-3359.6802;
27797.7426	,-2433.2173,-3250.2809;
28545.6435	,-2507.3512,-3109.8729;
29536.6663	,-2650.6425,-2940.2448;
30043.2418	,-2686.0169,-2856.6801;
30502.1562	,-2753.9619,-2686.1584;
30841.6756	,-2812.9514,-2509.8143;
31320.1294	,-2869.0165,-2269.3786;
32012.0861	,-2956.1949,-1929.5496;
32831.9544	,-3072.4336,-1532.935;
33637.7777	,-3168.6237,-1169.7107;
34220.634	,-3260.272,	-1038.7867;
34856.7034	,-3346.7448,-919.684;
35211.4894	,-3394.9775,-853.251;


RUTA 2:
1141.2003,13391.1088,-21978.56;705.4177,13388.4288,-22024.6038;197.5259,13313.8288,-22079.4936;-652.7339,13231.2032,-22187.1458;-1507.0797,13128.3488,-22296.6;-2449.9197,13009.0688,-22450.7;-3370.082,12906.1088,-22561.339;-4212.7797,12794.1688,-22707.58;-5083.3597,12682.6688,-22854.0;-5945.4397,12572.2288,-22991.84;-6636.8597,12543.6088,-23115.24;-7161.9329,12519.3088,-23196.1784;-7784.7442,12438.8288,-23245.6664;-8331.1603,12382.8288,-23327.264;-8814.8623,12371.3888,-23455.3643;-9150.6906,12368.5088,-23688.0953;-9207.4725,12364.5088,-23790.2391;-9236.9597,12359.5488,-23929.6;-9118.8608,12313.6197,-24467.1971;-8949.6094,12265.6696,-24748.2566;-8651.381,12213.1221,-24983.7401;-8506.0984,12190.3804,-25037.1948;-8280.9807,12165.9028,-25039.5695;-7961.1784,12141.3288,-24931.7403;-7599.0933,12134.9458,-24779.9449;-7217.9232,12127.5201,-24619.0883

RUTA 3:
-7217.9232,12127.5201,-24619.0883;-6830.1015,12106.332,-24434.9562;-6686.3052,12088.4556,-24346.4083;-6641.505,12081.4632,-24258.6132;-6637.5722,12068.4086,-24097.8376;-6649.7254,12074.4188,-23844.4481;-6752.173,12058.6433,-23664.0008;-6923.0798,12061.5639,-23584.4888;-7372.5358,12018.3923,-23525.3859;-7887.7628,11985.1378,-23554.2084;-8409.2195,11992.114,-23620.2018;-9268.9947,11954.68,-23728.9999;-9992.72,11930.8747,-23807.173;-10451.939,11849.6844,-23854.8178;-11454.9236,11726.8367,-24764.4571;-11957.7762,11596.9394,-25227.4346;-12403.446,11534.0579,-25158.6013;-12585.1505,11517.2878,-25001.5884;-12606.8395,11506.5938,-24940.7254;-12627.5044,11476.6486,-24818.6397;-12637.5448,11449.0371,-24685.8129;-12605.9989,11443.323,-24630.0602;-12497.8139,11437.462,-24424.9239;-12386.1851,11430.8539,-24336.496;-12159.7549,11419.0891,-24262.2582;-11553.6395,11350.528,-24038.5659;-11305.1173,11317.0508,-23959.8626;-11049.8969,11313.7348,-23868.3026


RUTA 4:
-11049.8969	,11313.7348,	-23868.3026;
-10369.1505	,11309.4062,	-23696.663;
-9520.8043	,11243.5356,	-23494.2039;
-9062.3537	,11177.6152,	-23416.7875;
-8588.9613	,11137.9451,	-23387.9433;
-8318.8765	,11087.4827,	-23378.285;
-7700.3184	,11005.8634,	-23327.2494;
-6767.7275	,10870.5969,	-23257.6738;
-6640.2728	,10877.1018,	-23241.6384;
-6439.132	,10887.4251,	-23140.5042;
-6380.306	,10884.7185,	-23059.8651;
-6277.7801	,10868.2536,	-22836.4059;
-6243.7764	,10875.6196,	-22772.2629;
-6205.37	,10866.663,	    -22666.1496;
-6188.3822	,10865.5739,	-22513.4328;
-6192.9883	,10864.7271,	-22461.8476;
-6208.3216	,10865.5546,	-22392.5959;
-6267.2306	,10873.2432,	-22293.6795;
-6327.1677	,10853.3323,	-22203.9033;
-6413.2314	,10851.9731,	-22125.6611;
-6824.8452	,10840.9176,	-22073.3316;
-7090.2152	,10824.1218,	-22084.4356;
-7537.4028	,10735.0841,	-22140.1906;
-7937.8022	,10655.2263,	-22223.9410; 
-8250.9043	,10634.4362,	-22265.0230; 
-8340.0368	,10652.0845,	-22273.5526;
-8692.9030 	,10588.1506,	-22222.8016;
-9049.1173	,10560.2296,	-22113.0611;
-9390.8281	,10498.5232,	-22096.8257;
-9739.1436	,10447.3230, 	-22159.3469;
-10121.4275	,10389.8273,	-22204.5566;
-10842.2953	,10321.7398,	-22372.5398;
-10888.9347	,10317.1563,	-22397.1629;
-10996.3220 ,10315.0194,	-22519.6384;

RUTA 5:

-10996.322	,10315.0194,	-22519.6384;
-10858.4886	,10300.5502,	-23324.1282;
-10842.9637	,10306.5867,	-23432.5994;
-10832.7	,10310.5776,	-23504.3115;
-10819.1274	,10314.7317,	-23595.7952;
-10801.7277 ,10317.5082,	-23696.9221;
-10792.6394	,10318.1762,	-23743.3246;
-10777.4387	,10321.1926,	-23851.7922;
-10678.9855	,10323.9990, 	-24356.2080; 
-10580.5324	,10326.8054,	-24860.6238;
-10577.7102	,10331.7846,	-25042.4982;
-10544.9809	,10333.2669,	-25346.3659;
-11087.7109	,10298.7769,	-22028.6827;
-11239.0023	,10307.3562,	-21174.0497;
-11617.4299	,10269.76,	    -18594.1182;
-11794.4215	,10268.887,	    -17510.8765;
-11980.3620 ,10240.8867,	-16386.9458;
-12267.4769	,10237.0014,	-14582.8454;
-12533.3841	,10221.8755,	-12894.8712;
-12669.6257	,10214.9243,	-12080.7194;
-12832.9472	,10203.1595,	-11029.4332;
-13072.7672	,10197.5145,	-9855.4343;
-13110.3184	,10189.9698,	-9348.2403;

RUTA 6:
-10832.7	,10310.5776,-23504.3115;
-10832.7000 ,10315.3196,-23504.3115;
-10732.8239	,10325.3954,-23451.0233;
-10552.4717	,10325.926,	-23423.1888;
-10281.873	,10305.9341,-23383.4360; 
-10097.4408	,10261.0064,-23358.9338;
-9780.1612	,10222.2374,-23346.4468;
-9333.0938	,10143.9873,-23348.2444;
-8677.391	,10124.0484,-23321.1556;
-8588.4469	,10036.7268,-23324.0892;
-8292.8969	,10006.2027,-23342.6931;
-7409.018	,9850.7862,	-23087.2761;
-6775.6324	,9753.5039,	-22891.3842;
-6518.3297	,9711.3871,	-22673.0678;
-6351.0081	,9671.5140 ,-22466.4198;
-6353.1049	,9660.2245,	-22398.8054;
-6362.5233	,9648.6954,	-22332.5093;
-6382.2535	,9639.6418,	-22233.7461;
-6439.9230 	,9623.1468,	-22117.8666;
-6645.6621	,9593.0501,	-21966.4049;
-6846.0245	,9560.8506,	-21937.3445;
-7150.5677	,9525.1870 ,-22004.3296;
-7428.9524	,9466.5390 ,-22122.2870; 
-7767.8336	,9449.3243,	-22246.5956;
-7951.6382	,9412.7773,	-22308.0416;
-8371.9739	,9335.3020 ,-22421.6543;
-9121.0133	,9239.1572,	-22604.1262;
-9695.5210 	,9152.0624,	-22689.0358;
-10286.9447	,9072.8205,	-22772.4446;
-10911.2644	,9003.1761,	-22871.0745;
-1140.5295	,8931.9787,	-22944.7563;
-11723.0356	,8892.4015,	-22958.3794;
-11982.4282	,8860.5553,	-22974.5830; 
-12480.1050 ,8797.8570 ,-23046.6808;
-12976.8753	,8730.1954,	-23095.9084;
-13638.7779	,8643.9825,	-23180.4777;
-14320.0646	,8547.2584,	-23165.3609;
-14930.0807	,8470.6412,	-23102.5352;
-15776.9191	,8360.5364,	-22954.1553;
-16320.5869	,8290.4790 ,-22861.6131;
-16822.1744	,8237.0865,	-22832.9829;
-17758.0284	,8101.1009,	-22783.9711;
-18076.9356	,8035.2217,	-22748.0772;
-18323.8629	,8026.7843,	-22714.6630; 
-18585.4530 ,8000.1347,	-22604.1835;
-18844.9136	,7949.8348,	-22356.1565;
-18992.2429	,7915.5028,	-22030.4142;
-19070.8665	,7870.5579,	-21841.1318;
-19346.0507	,7878.8045,	-21277.8229;
-19672.6753	,7821.1955,	-20655.2825;
-19916.0209	,7742.0898,	-20166.9432;
-20009.5908	,7723.3335,	-19820.3578;
-20023.5068	,7682.2910 ,-19566.4659;
-20003.8462	,7663.7997,	-19441.2754;
-19975.4598	,7640.1081,	-19363.6942;
-19924.4648	,7649.6886,	-19234.0351;
-19824.1920 ,7596.6998,	-19046.9459;
-19495.1949	,7509.1977,	-18598.3258;
-19090.5287	,7438.4507,	-17970.9338;
-18576.8501	,7299.0083,	-17189.3632;
-18066.9303	,7176.7259,	-16406.4624;
-17520.1729	,7060.3626,	-15624.0426;
-17308.1195	,6997.3347,	-15319.7428;
-17125.2681	,6931.2733,	-15058.5280; 
-16849.5941	,6920.4453,	-14621.4776;
-16579.0826	,6866.4786,	-14208.0202;
-16274.8274	,6982.2055,	-13867.9462;
-16037.1680 ,6749.4999,	-13725.3575;
-15340.8168	,6675.0516,	-13496.8955;
-14782.3166	,6601.3639,	-13533.1453;
-13726.6323	,6443.3571,	-13527.5259;
-12665.3786	,6291.6354,	-13534.4261;
-11694.5988	,6174.3296,	-13509.5995;
-11111.0020 ,6100.6089,	-13446.0909;
-10405.0685	,6008.4654,	-13437.1396;
-9888.1179	,5941.6707,	-13440.5483;
-9615.2901	,5898.3620 ,-13368.8352;
-9399.5452	,5858.7869,	-13132.9309;
-9239.1339	,5815.4146,	-12805.0529;
-9255.4530 	,5788.3244,	-12650.3806;
-9351.0750 	,5735.8257,	-12246.0413;
-9499.7131	,5707.2505,	-12090.4902;
-9737.9940 	,5680.4091,	-11935.7325;
-10206.9115	,5647.2615,	-11818.6745;
-10859.2939	,5646.5875,	-11982.3790; 
-11127.4173	,5652.0464,	-12101.4070; 
-11280.8664	,5650.9067,	-12186.2837;
-11976.4073	,5663.7999,	-12447.5032;
-12335.6598	,5656.5991,	-12491.5248;
-12599.4805	,5643.9935,	-12465.2836;
-12621.2306	,5617.4405,	-12237.7889;
-12713.7880 ,5597.0536,	-11995.5140; 
-12755.9216	,5575.7151,	-11939.4281;
-12917.9324	,5562.3568,	-11799.3299;
-13483.2030 ,5510.1611,	-11679.8230; 
-14191.6475	,5419.1492,	-11657.2605;
-15118.1229	,5316.1729,	-11628.3132;
-16218.6816	,5165.5965,	-11622.2169;
-17637.9279	,5021.8895,	-11596.6316;
-18052.3222	,4964.2504,	-11909.2368;
-18168.5219	,4922.3564,	-12185.0749;
-18103.9323	,4873.6637,	-12622.3842;
-17588.8780 ,4806.8567,	-13150.0167;
-16314.7507	,4653.6071,	-13966.4975;
-15738.9032	,4567.6859,	-14255.6539;
-15615.9438	,4555.2527,	-14255.3074;
-15538.2976	,4547.9120 ,-14246.0891;
-15323.7406	,4505.0027,	-14117.7926;
-15244.6496	,4488.6018,	-14018.0664;
-15165.5586	,4472.2008,	-13918.3401;
-15083.2995	,4450.4813,	-13739.6623;
-15048.6501	,4421.9091,	-13466.0214;
-15136.6710 ,4389.7689,	-13185.8170; 
-15368.0604	,4343.4054,	-12927.2951;

RUTA 7:
-15368.0604	,4343.4054	-12927.2951;
-15703.4858	,4286.2469,	-12650.3916;
-16453.6978	,4168.3226,	-12106.4299;
-16798.7654	,4125.7842,	-11894.6405;
-17426.5014	,4018.5306,	-11464.0726;
-18141.2888	,3918.3037,	-10955.5540; 
-18864.0633	,3809.0697,	-10454.0786;
-18966.3616	,3780.1833,	-10370.7120; 
-19099.4228	,3768.0848,	-10301.5563;
-19190.4585	,3761.2701,	-10297.4637;
-19805.4062	,3758.5757,	-10320.7546;
-20258.9976	,3721.4983,	-6478.9153;
-20309.3741	,3690.4320, -5744.4673;
-20321.4720 ,3687.7064,	-5494.7679;
-20338.4192	,3689.9015,	-4939.4986;
-20357.1215	,3692.3238,	-4326.7227;
-20390.3918	,3692.8020, -3716.5432;
-20400.7245	,3710.8082,	-3503.1481;
-20634.1060 ,3659.4179,	-2418.6330;


RUTA 8:
-13938.1062	,2770.1797,	-3297.8089;
-13655.9402	,2747.1201,	-3258.8038;
-13384.291	,2713.7629,	-3230.09;
-13118.6523	,2681.7294,	-2988.9461;
-13077.7976	,2681.6397,	-2913.1948;
-13442.1547	,2642.4197,	-2155.5046;
-13679.0326	,2636.0043,	-2026.4001;
-13814.7857	,2606.1968,	-1966.5245;
-14167.2684	,2566.2288,	-1794.4238;
-14695.5667	,2474.0495,	-1627.6067;
-15356.2583	,2387.3462,	-1461.5981;
-15903.5718	,2343.2216,	-1226.9403;
-16357.9056	,2310.1607,	-1056.3245;
-16853.2560 ,2231.8587,	-890.2833;
-17443.3483	,2169.1200 ,-910.2673;
-17622.7933	,2129.7391,	-931.9323;
-18063.6938	,2093.7198,	-961.1490 ;
-18332.3211	,2041.3138,	-971.6080 ;
-18911.9641	,1985.5283,	-1002.0815;
-19060.5324	,1949.9338,	-1003.9672;
-19576.1077	,1874.9954,	-1045.9599;
-20267.0858	,1772.7813,	-1061.2207;
-20755.6006	,1707.7328,	-1088.5191;
-21335.1708	,1616.1246,	-1104.4080; 
-22032.6316	,1539.2821,	-1020.5452;
-23003.4331	,1386.1053,	-817.6623;
-23942.1844	,1277.9151,	-661.1214;
-25770.5649	,1024.7197,	-273.7601;
-27486.6928	,881.2905	,72.9186;
-28166.4591	,791.1956	,171.0727;
-28849.8884	,664.5790 ,	317.0273;
-30285.6136	,489.5239	,618.4798;
-31316.8081	,360.1084	,827.9718;
-31986.3203	,223.2946	,979.5486;
-33043.5608	,127.2876	,1189.4519;
-33365.1000 ,87.2522	,1265.7498;
-33741.4015	,61.4234	,1350.9923;
-34707.3498	,-86.7436	,1290.3237;
-35189.2236	,-125.6967,	1260.4568;
-35615.5092	,-179.7111,	1244.2462;
-63003.9469	,-199.6264,	1190.8324;
-36327.4416	,-278.1782,	1165.6475;
-36441.7173	,-336.3461,	1244.9250 ;
-36500.3705	,-382.4458,	1267.8299;
-36845.1157	,-411.0295,	1587.1683;
-37013.1612	,-420.4360 ,1854.0128;
-37029.4948	,-429.1024,	2216.6108;
-36905.5122	,-434.1157,	2511.6536;
-36710.8927	,-419.9205,	2725.3043;
-36582.5647	,-441.1255,	2808.0688;
-36498.0012	,-430.0128,	2853.4062;
-36324.4773	,-470.2821,	2930.0505;
-36176.3022	,-471.8496,	2968.1452;
-35834.9456	,-523.5052,	2991.7498;
-35389.4620 ,-573.8912,	3001.4218;
-34610.3955	,-677.6389,	3045.8478;
-34355.5930 ,-695.9084,	3063.3055;
-34107.9128	,-706.9378,	3065.0880 ;
-33015.0682	,-751.2161,	3107.7441;
-32698.4550 ,-793.3921,	3138.8242;
-31861.4443	,-883.0726,	3017.1164;
-30915.5280 ,-1004.5731,2849.0695;
-30011.8695	,-1114.3333,2690.5895;
-29108.2238	,-1219.5150,2545.7301;
-28157.3781	,-1319.6277,2379.8444;
-27961.2550 ,-1348.7154,2335.1966;
-27925.7990 ,-1359.9312,2303.5249;
-27756.8035	,-1386.1399,2306.2896;
-27401.9183	,-1420.1969,2336.0740 ;
-26532.4282	,-1419.6905,2484.2102;
-25969.6633	,-1472.7380,2570.6760 ;
-25269.9799	,-1579.0638,2665.2767;
-24480.8101	,-1656.5256,2784.1787;
-23968.5532	,-1676.1628,2843.9137;
-23780.4500 ,-1672.3307,2874.9353;
-22986.6433	,-1679.2308,3057.8301;
-22450.4115	,-1698.8869,3192.2967;
-21978.1127	,-1743.9725,3120.5633;
-21096.0188	,-1853.0188,2563.3607;
-20434.7171	,-1953.6133,2045.7455;
-19814.4709	,-1974.7641,1573.8547;
-19253.9726	,-2004.6169,1117.0024;
-18637.6297	,-2093.6405,690.1367;
-18202.1730 ,-2096.6041,355.9177;
-17804.8501	,-2153.6219,89.1779;
-17297.8668	,-2230.0045,-310.2665;
-16882.9300 ,-2294.0542,-620.7167;
-16456.8961	,-2354.1278,-938.2113;
-15768.9722	,-2460.0799,-1432.4634;
-15560.9872	,-2512.5771,-1589.3601;
-15297.9928	,-2537.2306,-1781.6185;
-15083.2131	,-2573.6750,-1953.8092;
-15000.7502	,-2587.9026,-2065.9145;
-14875.4883	,-2593.1512,-2226.3546;
-14838.2249	,-2630.7206,-2391.5948;
-14818.5677	,-2635.4943,-2560.1169;
-14840.7130 ,-2640.9454,-2665.9673;
-14935.4734	,-2675.0630,-2932.5014;
-15080.1997	,-2699.9842,-3134.7799;
-15362.5073	,-2715.7112,-3276.5922;
-15641.1328	,-2735.3540,-3319.4720; 
-15875.9706	,-2743.4007,-3254.8348;
-16033.3859	,-2757.7303,-3176.6445;
-16179.2895	,-2764.2966,-3054.5637;
-16647.8728	,-2818.8413,-2645.3676;
-16693.2450 ,-2870.0473,-2573.5165;
-16908.4707	,-2908.9808,-2347.0772;
-17135.5496	,-2923.2742,-2119.5098;
-17246.0033	,-2947.5021,-2022.3694;
-17265.2029	,-2958.6412,-2008.7091;
-17542.5711	,-3006.1680,-1674.6223;
-17925.9460 ,-3076.4802,-1259.3657;
-18643.4943	,-3187.9197,-578.4735;
-19306.6747	,-3213.5037,114.1726;
-19570.3396	,-3219.8678,390.1257;
-20186.7598	,-3340.1519,988.8511;
-20772.3943	,-3444.4512,1645.6078;
-21424.2666	,-3559.8075,-2297.2153;
-22167.7965	,-3683.0815,2986.3407;
-23137.2610 ,-3838.8415,3942.9331;
-23767.5997	,-3884.4112,4569.1200; 
-24054.2797	,-3950.1712,4882.5037;
-24183.2197	,-3968.7512,5006.6118;
-24312.1597	,-3987.3312,5130.7198;
-24640.7997	,-4013.7712,5281.7600; 
-25571.9646	,-4158.7512,5367.3681;
-26386.8368	,-4275.8101,5379.9205;
-27309.8717	,-4311.6673,5378.4545;
-28177.2555	,-4307.9632,5378.1555;
-30037.5528	,-4549.1573,5420.7796;
-33836.2425	,-5025.4992,5425.6854;
-34643.0253	,-5183.9192,6060.2886;
-34614.4014	,-5276.9152,6800.5776;
-34478.3505	,-5315.8812,6998.3271;
-34189.2736	,-5360.4672,7262.6521;
-33851.1477	,-5415.9312,7366.8440; 
-33332.9679	,-5482.3872,7388.4366;
-32907.1617	,-5525.4012,7386.4700; 
-32127.0457	,-5603.5319,7402.6265;
-31464.5278	,-5614.7849,7252.8060; 
-31147.3201	,-5630.3294,7143.4005;
-30787.1044	,-5684.0392,7044.2875;
-29887.2386	,-5574.2312,6903.2752;
-29668.1330 ,-5631.0246,7063.4882;
-29478.6163	,-5640.7991,7183.2719;
-29224.1714	,-5695.6082,7254.2141;
-29111.7245	,-5708.0272,7225.9911;
-28978.5485	,-5721.3992,7173.1451;
-28857.0636	,-5718.2712,7113.8926;
-28800.3539	,-5729.9872,7085.6259;
-28738.9985	,-5747.9157,7056.6084;
-28727.2646	,-5753.7312,7051.2652;
-28490.5309	,-5777.8112,6942.0451;
-27287.6337	,-5965.4712,6425.1520; 
-26711.8969	,-6013.5672,6232.8168;
-26591.8477	,-6041.0672,6241.3094;
-26223.6917	,-6062.5832,6267.6662;
-26052.5084	,-6066.2221,6270.9451;
-26003.1454	,-6070.7472,6313.3567;
-25999.8362	,-6084.5312,6470.6644;
-25999.9501	,-6097.5872,6555.7078;
-25999.7863	,-6098.9914,6933.5789;
-26008.7477	,-6134.4832,7526.2000; 
-26000.8119	,-6215.3072,7908.3054;
-25985.4031	,-6271.3856,8566.8741;
-25985.4702	,-6328.7712,8708.4394;
-25960.2247	,-6361.1992,9102.0928;
-25938.5620 ,-6387.9552,9317.7099;
-25956.9358	,-6461.0392,9685.6088;
-25641.7917	,-6450.0912,9847.4800; 
-25341.1717	,-6433.0432,9855.3200; 
-24087.2536	,-6416.2512,10179.6900; 
-23561.7612	,-6449.0712,10228.9527;
-22813.4281	,-6516.1403,10227.0651;
-21821.4014	,-6685.1392,10150.1271;
-20764.0844	,-6558.8392,10144.6204;
-18877.0357	,-7047.2352,10076.1316;
-17259.8437	,-7277.3177,10167.0233;
-16246.4647	,-7334.7212,10283.0735;
-15329.9738	,-7477.5617,10387.4050; 
-14442.7877	,-7560.2512,10512.4400; 
-13466.6157	,-7680.9632,10637.6800; 
-12677.4397	,-7814.6912,10734.8400; 
-11816.0628	,-7918.4792,10835.7296;
-11072.6852	,-7996.9272,10921.2749;
-10987.4647	,-8019.5112,10932.1310; 
-10894.5807	,-8037.3312,10946.1680; 
-10815.1557	,-8030.2799,10978.3275;
-10606.0536	,-8066.7992,10993.0113;
-10250.1580 ,-8121.2272,11046.7823;
-9385.8629	,-8224.5672,11152.2132;
-9125.0721	,-8269.7917,11184.7355;
-8138.3285	,-8310.5652,11304.5661;
-7261.2272	,-8402.2812,11414.9564;
-6451.6557	,-8507.7992,11519.8000; 
-6072.4147	,-8544.2312,11566.8152;
-5557.7915	,-8542.4032,11618.8356;
-5253.4797	,-8566.6192,11658.6800; 
-4870.2958	,-8540.6632,11713.7164;
-4479.5037	,-8595.4512,11763.2400; 
-4170.7336	,-8639.6992,12668.6912;
-4267.8152	,-8520.0872,12656.4895;
-4680.1274	,-8509.4655,12604.2394;
-5238.5659	,-8526.8352,12548.5322;
-5500.8343	,-8570.8093,12661.2016;
-5539.7192	,-8559.9760,12829.1760; 
-6308.2059	,-8526.4592,12542.7775;

RUTA 9:

-14818.5677	,-2635.4913,	-2386.6924;
-14467.9613	,-2666.7468,	-2733.5413;
-14266.4606	,-2714.3299,	-3090.2668;
-13735.5993	,-2754.4935,	-3606.6267;
-13262.6267	,-2824.8502,	-4079.0613;
-12753.2041	,-2899.0227,	-4555.0715;
-12054.3130 ,-3023.4188,	-5230.6930; 
-11377.6506	,-3133.4268,	-5907.5186;
-10755.9559	,-3246.2791,	-6533.8196;
-9978.6703	,-3324.8505,	-7267.2306;
-9260.9071	,-3423.6290, 	-7935.8001;
-8847.9754	,-3429.0808,	-8347.3664;
-8848.0676	,-3425.0512,	-8160.7085;
-8417.0570 	,-3411.5112,	-7720.1491;
-8020.9300 	,-3408.9912,	-7317.3409;
-7622.8450 	,-3400.1312,	-6902.5358;
-7311.1764	,-3400.4112,	-6581.0772;
-7148.9817	,-3412.9664,	-6402.9185;
-7001.8826	,-3436.9392,	-6275.5829;
-6384.8024	,-3565.0804,	-5651.9627;
-6273.4112	,-3584.1937,	-5525.6109;
-5725.7365	,-3690.6671,	-4928.5862;
-5365.6566	,-3683.5284,	-4574.6978;
-5048.0641	,-3685.7872,	-4249.1072;
-4957.4715	,-3680.1007,	-4137.6375;
-4784.0698	,-3702.1712,	-3958.7106;
-4678.0942	,-3717.9728,	-3853.5912;
-4565.1670 	,-3743.7924,	-3753.6312;
-4478.6017	,-3763.6453,	-3675.7498;
-4300.2872	,-3805.5067,	-3517.3090; 
-4170.4915	,-3836.4014,	-3351.4653;
-4100.3966	,-3840.8868,	-3260.5694;
-3903.3094	,-3837.8312,	-3063.4802;
-3659.3057	,-3832.9712,	-2818.4846;
-3624.0153	,-3836.3712,	-2784.5992;
-3544.3574	,-3836.7712,	-2675.9244;
-3455.6227	,-3844.7927,	-2561.3503;
-3313.9755	,-3891.5672,	-2348.6749;
-3132.8652	,-3922.5832,	-2027.8676;
-3104.6076	,-3925.6952,	-1972.4925;
-3069.5625	,-3946.8112,	-1881.3255;
-3064.9746	,-3994.9632,	-1583.3931;
-3110.6091	,-4008.8992,	-1330.4066;
-3160.9149	,-4009.8472,	-1089.0355;
-3215.2181	,-4009.5572,	-815.4516;
-3229.3868	,-4008.9212,	-749.7591;
-3231.3557	,-4010.8592,	-730.2314;
-2985.2500 	,-4011.2065,	-704.6922;
-2599.9297	,-4046.7832,	-605.9256;
-1967.5333	,-4117.0413,	-525.8960 ;
-1628.7609	,-4150.0592,	-604.1286;
-1510.2249	,-4172.3792,	-687.5742;
-1390.3297	,-4180.6232,	-804.4365;
-1205.0344	,-4208.2514,	-981.2053;
-1131.0653	,-4223.5236,	-1055.3243;
-1050.4025	,-4233.4664,	-1127.3658;
-969.7397	,-4243.4093,	-1199.4073;
-819.5958	,-4266.9757,	-1356.3349;
-695.9776	,-4268.8112,	-1470.4873;
-450.7242	,-4263.9312,	-1661.8695;
-220.0879	,-4260.3312,	-1806.8781;
-89.4513	,-4263.5392,	-1848.0666;
-108.0087	,-4266.9065,	-1858.9992;
416.9751	,-4259.8061,	-1879.7070; 
952.7583	,-4252.4349,	-2005.0124;
-1253.1272	,-4254.5368,	-2049.4501;
1651.9899	,-4255.4112,	-2127.4819;
2089.7901	,-4256.7141,	-2200.7860; 
2521.5390 	,-4252.2848,	-2280.1147;
2608.5210 	,-4251.2112,	-2330.1546;
2866.7638	,-4249.9151,	-2359.1096;
3030.6723	,-4245.6739,	-2330.3951;
3428.8703	,-4239.8531,	-2280.4678;
3709.8696	,-4246.7773,	-2254.9846;
3990.1226	,-4240.2186,	-2260.4583;
4347.5038	,-4253.9817,	-2221.4771;
4901.5714	,-4275.3193,	-2161.0425;
5463.8011	,-4261.8512,	-2029.0763;
5908.6003	,-4267.0912,	-1954.2000; 
6193.3981	,-4288.5712,	-1904.1105;
6378.4861	,-4300.8712,	-1867.3741;
6560.4403	,-4301.0112,	-1852.0800; 
6674.0403	,-4301.6512,	-1845.5600; 
7009.2898	,-4319.8112,	-1789.5901;
7417.7187	,-4363.6512,	-1706.7115;
8220.6150 	,-4420.0512,	-1591.7313;
8792.9226	,-4460.6712,	-1501.2360; 
9543.0915	,-4462.4112,	-1371.0778;
9891.9809	,-4463.4112,	-1317.9873;
10372.2720 	,-4466.0312,	-1109.9459;
10925.1774	,-4468.7712,	-912.6886;
11174.7305	,-4468.1712,	-877.3807;
11534.7596	,-4472.0312,	-708.0694;
12243.3950 	,-4471.1712,	-480.8509;
12911.4804	,-4472.8912,	-265.7701;
13627.2214	,-4475.4912,	17.0437;
14153.1727	,-4470.6912,	244.7801;
14399.8511	,-4473.8112,	391.4884;
14559.7327	,-4471.0512,	571.6130 ;
14634.5277	,-4477.0112,	678.5512;
14684.2741	,-4478.7712,	798.7010 ;
14748.0119	,-4479.0112,	1014.5946;
14811.1999	,-4478.8079,	1226.8143;
14831.9807	,-4478.8512,	1336.9572;
14915.5775	,-4478.2577,	1650.6497;
14968.6369	,-4474.3712,	1910.8082;
15005.8460 	,-4481.5505,	2006.5338;
15057.9581	,-4476.1312,	2219.7903;
15080.6376	,-4476.7312,	2284.2895;
15103.3171	,-4477.3312,	2348.7887;
15161.1279	,-4475.9312,	2472.2172;
15280.0118	,-4478.7554,	2624.9787;
15527.5364	,-4498.5060, 	2879.2946;
-3231.3557	,-4010.8992,	-730.2314;
-3589.8049	,-4013.3512,	-757.4439;
-3997.3779	,-4051.6132,	-822.5784;
-4356.0067	,-4104.6992,	-898.9411;
-4627.9961	,-4153.3872,	-954.0115;
-4813.7463	,-4176.3065,	-982.2960 ;
-5077.4149	,-4209.5472,	-1006.8177;
-5164.2142	,-4214.0672,	-1023.5949;
-5288.0501	,-4211.3472,	-1056.4013;
-5566.0498	,-4211.3921,	-1100.6209;
-5907.8283	,-4242.6992,	-1137.9009;
-6442.0803	,-4337.4985,	-1237.0744;
-7073.4696	,-4403.5770, 	-1351.0847;
-7985.6643	,-4538.8752,	-1515.2520; 
-8499.9089	,-4561.5194,	-1615.5661;
-8873.5213	,-4567.4272,	-1679.6633;
-9606.5108	,-4654.6872,	-1787.2954;
-10016.9234	,-4711.9179,	-1864.4012;
-10694.8434	,-4709.5999,	-1948.9365;
-11025.6351	,-4697.6842,	-2003.8072;
-11259.8519	,-4663.8672,	-2062.4255;
-11479.5778	,-4650.4472,	-2094.2476;
-11743.7169	,-4627.1472,	-2127.8336;
-12416.4052	,-4584.2672,	-2235.6001;
-12886.8859	,-4555.5312,	-2311.5931;
-13321.6506	,-4527.3972,	-2384.3439;
-14028.5755	,-4483.4592,	-2503.7731;
-14508.9139	,-4437.7983,	-2582.8477;
-15021.5804	,-4400.2682,	-2614.1674;
-15350.5425	,-4381.1134,	-2548.5114;
-15567.3021	,-4359.7272,	-2455.6787;
-16058.4843	,-4342.4949,	-2190.3698;
-16613.4977	,-4302.5812,	-1874.6180; 
-16953.7765	,-4271.0752,	-1670.3750; 
-17375.7271	,-4264.3512,	-1379.2157;
-17820.8266	,-4262.7712,	-1108.4999;
-18255.7889	,-4260.3970, 	-947.6942;
-18860.8019	,-4260.4112,	-404.8059;
-19400.1116	,-4259.5672,	-224.2783;
-20425.0074	,-4271.5592,	497.4762;
-21024.5147	,-4276.7242,	990.9882;
-21689.0942	,-4276.5211,	1481.4890 ;
-22280.1781	,-4289.1781,	1912.9448;
-22936.7583	,-4289.5632,	2414.9453;
-23289.1832	,-4294.6423,	2681.1721;
-23527.4464	,-4297.2075,	2863.2278;
-23702.7447	,-4293.2032,	2995.9177;
-23946.5731	,-4294.1792,	3179.1678;
-243681415	,-4298.5952,	3503.6579;
-25043.2637	,-4307.7292,	3976.5263;
-25330.3439	,-4304.0685,	4051.0712;
-25780.0083	,-4298.8721,	4036.6183;
-26987.6748	,-4307.7312,	-3908.5666;
-28238.0525	,-4306.2950, 	3779.0365;

RUTA 10:

-10815.1557	,-8030.2799,	10978.3275;
-10831.5873	,-8053.1432,	11141.1717;
-10837.4146	,-8061.7072,	11311.6943;
-10861.029	,-8004.9512,	11618.4375;
-10851.016	,-7984.8752,	11795.0963;
-10709.2286	,-7944.6512,	12086.5671;
-10577.1444	,-7923.1872,	12208.6028;
-10414.2705	,-7887.8992,	12306.6123;
-10032.2504	,-7842.4845,	12416.9164;
-9836.0364	,-7805.1792,	12451.7412;
-9152.5654	,-7722.9152,	12598.1691;
-8607.2423	,-7652.1524,	12710.6068;
-7998.0497	,-7566.7272,	12838.2902;
-7266.5155	,-7477.6738,	12975.9483;
-6731.5077	,-7406.7112,	13083.1455;
-6244.6157	,-7346.1852,	13044.5040; 
-6030.7997	,-7337.3312,	12913.8520; 
-5961.6077	,-7324.7792,	12844.8560; 
-5865.3912	,-7284.8272,	12700.0848;
-5766.9131	,-7258.8072,	12474.0680; 
-5747.4965	,-7258.4712,	12330.0840; 
-5780.2697	,-7241.5192,	12091.2960; 
-5937.4517	,-7186.8112,	11823.3320; 
-6008.4314	,-7175.5552,	11744.8360; 
-6098.6350 	,-7171.0392,	11652.8331;
-6439.9357	,-7149.0752,	11532.8545;
-6769.0244	,-7107.5712,	11541.4419;
-7453.1425	,-7015.5039,	11886.0767;
-8143.0408	,-6944.7691,	12239.4778;
-9185.9977	,-6856.9992,	12774.9220; 
-9648.9316	,-6808.6171,	12815.7231;
-10055.2432	,-6766.2552,	12608.5791;
-10166.8915	,-6749.4146,	12477.3502;
-10271.1007	,-6717.5297,	12233.0192;
-10287.9089	,-6701.2671,	12046.2613;
-10245.2169	,-6681.9404,	11776.6180; 
-10033.1215	,-6653.1051,	11449.6468;
-9887.0124	,-6632.1735,	11326.9699;
-9439.7290 	,-6566.4484,	11247.3255;
-8765.1157	,-6522.7512,	11551.6189;
-8374.8202	,-6447.6500, 	11813.8430; 
-7935.5668	,-6412.4730, 	12108.9601;
-7763.0365	,-6416.8125,	12204.4427;
-7536.3837	,-6437.4032,	12380.5552;
-7221.9908	,-6430.3312,	12581.8842;
-6552.3630 	,-6332.2692,	13054.2575;
-6266.4730 	,-6303.1472,	13206.1702;
-5770.6436	,-6236.9592,	13252.0232;
-5660.9017	,-6227.5245,	13237.5256;
-5368.4895	,-6193.8872,	13087.6217;
-5199.2395	,-6165.1668,	12886.1732;
-5096.2139	,-6139.6732,	12675.6601;
-5032.2961	,-6124.9752,	12431.9827;
-5030.3728	,-6096.9472,	12206.6304;
-5091.5816	,-6073.8852,	12015.9953;
-5217.2196	,-6035.2484,	11824.9207;
-5393.5255	,-6014.8032,	11629.1873;
-5757.3856	,-5977.6072,	11457.7705;
-6093.7824	,-5952.3872,	11463.7212;
-6621.0074	,-5879.5592,	11590.1452;
-7202.0597	,-5859.3072,	11731.9322;
-8056.2566	,-5848.0097,	11956.6939;
-8996.2444	,-5747.8432,	12199.5585;
-9697.8717	,-5662.1432,	12384.4400; 
-10029.7267	,-5630.7712,	12336.4029;
-10261.0756	,-5622.8532,	12190.0388;
-10443.1637	,-5588.9032,	11996.2400; 
-10568.1637	,-5542.1472,	11738.8400; 
-10559.1570 ,-5518.4626,	11430.2951;
-10517.7789	,-5519.7552,	11285.4427;
-10452.0850 ,-5509.7712,	11163.3997;
-10338.4597	,-5492.5072,	11024.6000; 
-10196.7048	,-5481.2392,	10902.7293;
-9909.5613	,-5446.6132,	10806.7863;
-9598.9176	,-5403.7432,	10796.6805;
-9217.1117	,-5318.9838,	10845.7287;
-8549.6760 	,-5248.8392,	10952.0445;
-8144.4831	,-5218.6552,	11001.3792;
-7609.2631	,-5136.6832,	10935.3545;
-7238.9135	,-5058.2232,	10769.7587;
-6686.9043	,-5015.4932,	10492.5407;
-6312.3044	,-4939.7052,	10413.9860; 
-5904.8477	,-4891.8152,	10450.0680; 
-5690.5699	,-4843.1581,	10630.8261;
-5520.5143	,-4804.2232,	10867.9285;
-5467.8056	,-4785.8299,	11172.7184;
-5470.8345	,-4802.7928,	11372.3014;
-5602.5931	,-4713.6528,	11643.2479;
-5699.5717	,-4737.3712,	11764.8967;
-5770.9903	,-4741.0512,	11828.8643;
-5850.5828	,-4750.5892,	11867.9648;
-6027.9920 	,-4761.2341,	11932.2257;
-6097.4414	,-4764.8112,	11954.2607;
-6243.8779	,-4750.5312,	11967.1425;
-6515.9259	,-4713.7441,	11932.3245;
-6884.6941	,-4662.1126,	11875.0699;
-7111.3902	,-4626.7170, 	11824.0858;
-7380.3559	,-4592.1250, 	11764.1035;
-8050.0797	,-4503.8912,	11622.4360; 
-8595.3925	,-4457.2912,	11498.0601;
-9189.0029	,-4351.1112,	11420.7483;
-9679.3753	,-4287.1645,	11451.0131;
-9937.5687	,-4309.5912,	11198.0509;
-10351.7840 ,-4303.8112,	11189.5573;
-10613.9050 ,-4329.4412,	11242.0090; 
-10868.4460 ,-4392.3832,	11346.2813;
-11106.8618	,-4431.1072,	11524.7500; 
-11198.1547	,-4473.5632,	11762.8050; 
-11251.9796	,-4513.3972,	12018.7147;
-11245.4135	,-4545.8792,	12355.4482;
-11245.1877	,-4593.4392,	12551.3600; 
-11253.5158	,-4612.0923,	12656.9931;


RUTA 11:
-6308.2059	,-8526.4592,	12542.7775;
-7509.6637	,-8684.9872,	12155.24;
-8863.4666	,-8864.4392,	11709.8134;
-9414.6023	,-8873.7392,	11529.3529;
-10138.4255	,-8937.0186,	11291.3175;
-10630.3677	,-9023.1312,	11130.1363;
-10930.9409	,-9048.1672,	11084.3076;
-11061.7782	,-9064.7072,	11091.7544;
-11150.4864	,-9088.3052,	11135.4004;
-11334.3738	,-9094.6352,	11238.5297;
-11521.9393	,-9106.9362,	11462.0856;
-11593.1151	,-9131.9752,	11644.0418;
-11612.8723	,-9154.0632,	11813.2146;
-11600.4448	,-9165.4312,	11959.2800; 
-11558.9338	,-9169.8372,	12075.5339;
-11455.1534	,-9196.4972,	12241.8690; 
-11349.1405	,-9221.2264,	12351.2109;
-11168.8500 ,-9248.2552,	12467.0209;
-10949.6957	,-9258.8032,	12518.0000; 
-10431.6625	,-9305.2666,	12395.1358;
-9806.9212	,-9408.4424,	12188.0372;
-9196.0679	,-9482.7210 ,	11971.7548;
-8792.3328	,-9493.1352,	11840.7813;
-8042.0197	,-9539.4272,	11571.0400; 
-7275.0877	,-9625.3392,	11293.6800; 
-6525.0636	,-9739.5012,	11047.0180; 
-6332.0876	,-9773.5192,	10982.1244;
-6154.8461	,-9783.8912,	11047.9239;
-6007.1849	,-9785.8872,	11395.8316;
-5948.5077	,-9841.6978,	11614.5537;
-5957.1037	,-9872.4712,	11803.3600; 
-5983.3598	,-9889.4312,	12006.6993;
-6053.6890 	,-9920.4992,	12151.6706;
-6253.2656	,-9949.6193,	12384.2697;
-6544.4277	,-9996.8012,	12517.7980; 
-6953.1952	,-10053.7472,	12554.7498;
-7342.4026	,-10098.9592,	12402.9834;
-7969.4713	,-10193.9592,	12185.1560; 
-8360.0397	,-10240.5012,	12198.4944;
-8764.9018	,-10279.7872,	12237.0159;
-9357.7517	,-10274.7852,	12291.2982;
-9793.3195	,-10304.8512,	12334.1293;
-10390.0334	,-10391.7464,	12389.6466;
-11037.2917	,-10480.6672,	12429.8480; 
-11497.0297	,-10535.9372,	12293.2840; 
-11587.2212	,-10532.6846,	12217.0514;

RUTA 12:
15527.5364	,-4498.506,	    2879.2946;
15762.1962	,-4517.1796,	2994.2044;
16186.767	,-4476.1505,	3079.2622;
16560.9403	,-4461.3112,	3134.28;
17962.9233	,-4366.9312,	3270.5013;
-19025.6891	,-4203.6152,	3357.8117;
19858.349	,-4128.0850, 	3438.3071;
20714.4105	,-4109.3579,	3518.2988;
21486.9661	,-4110.2944,	3536.1231;
21752.5685	,-4119.7712,	3543.5974;
21859.9291	,-4122.6912,	3619.5785;
21834.1385	,-4114.3312,	5025.2858;
21843.4264	,-4126.1712,	6303.8147;
21855.9722	,-4129.4512,	6763.1376;
21879.1203	,-4124.1712,	7078.9600; 
21903.3334	,-4122.5646,	7264.5172;
21924.5679	,-4126.2912,	7306.0030; 
21983.1203	,-4120.4512,	7418.2000; 
22110.0803	,-4124.3312,	7587.4400; 
22268.8671	,-4130.2112,	7671.2682;
22638.8004	,-4133.6712,	7721.8162;
23030.7673	,-4137.9465,	7736.1871;
23537.8596	,-4137.9465,	7736.1871;
24169.6302	,-4134.7712,	7719.0733;
23895.1774	,-4672.5701,	2329.8744;



RUTA 13:

4063.8445	,-7000.8148,	483.9403;
4016.5468	,-6995.2887,	602.7122;
3998.0138	,-6972.6712,	1123.5701;
3958.1284	,-6972.0372,	1865.8877;
3975.2983	,-7003.0748,	2263.9956;
4045.6747	,-7029.1912,	2489.2759;
4145.4888	,-7053.3112,	2665.9276;
4253.1567	,-7067.1112,	2756.3996;
4665.2656	,-7124.1806,	2970.7232;
5206.7615	,-7152.7367,	3046.7118;
5606.5306	,-7186.3072,	3097.9074;
6479.2978	,-7333.8782,	3232.0534;
6996.7256	,-7389.0749,	3267.1874;
7562.1331	,-7388.4911,	3254.5435;
7816.2474	,-7382.1540, 	3349.8615;
7912.9261	,-7381.4392,	3404.4710; 
8073.4521	,-7391.7352,	3445.9360; 
8314.3070 	,-7427.9412,	3467.2667;
8473.1179	,-7447.7472,	3477.3210; 
8702.1956	,-7490.0832,	3502.1489;
8931.8527	,-7529.7704,	3518.5811;
9207.4339	,-7563.8826,	3548.5280; 
9865.2766	,-7661.5906,	3632.1501;
10691.2178	,-7787.9482,	3720.9215;
11491.1295	,-7922.9783,	3820.2713;
11930.9060 	,-7979.4912,	3879.2243;
13059.3205	,-8091.8520, 	4017.3358;
13869.0749	,-8216.4824,	4111.8662;
14626.1461	,-8225.3916,	4200.0106;
14783.3977	,-8224.2982,	4219.1362;
14931.9577	,-8220.7394,	4238.6484;
15399.5535	,-8270.4441,	4309.3952;
15806.2594	,-8349.2188,	4340.8429;
16521.3314	,-8464.8212,	4442.1032;
16940.5326	,-8508.0179,	4498.7475;
17253.0891	,-8570.2280, 	4532.7601;
17775.7008	,-8640.0595,	4598.0519;
18184.0064	,-8675.6149,	4658.9502;
18781.6714	,-8754.8108,	4716.5099;
19520.2143	,-8846.7335,	4814.0698;
20166.2114	,-8942.9193,	4911.0139;
20414.2221	,-8950.2344,	5012.1427;
20642.1460 	,-8946.2399,	5193.7713;
20745.8056	,-8944.8247,	5300.6490; 
20867.8194	,-8943.6936,	5427.4843;
21196.0051	,-8934.4998,	5869.9284;
21424.0754	,-8930.7220, 	6109.5498;
21536.7092	,-8927.2949,	6425.0003;
21578.3105	,-8927.6332,	6639.8531;
21587.1871	,-8923.9392,	6746.2329;
21562.8976	,-8922.7352,	6907.6983;
21509.6793	,-8922.1072,	7038.5492;
21349.7232	,-8926.3979,	7208.3725;
20849.3845	,-8926.8661,	7652.7683;


RUTA 14:
33588.1518	,-3165.1653,	-1191.7724;
33637.7777	,-3168.6237,	-1169.7107;
33537.5142	,-3181.233,	    -1170.1242;
33331.0231	,-3176.8069,	-608.1259;
33085.1504	,-3174.3495,	-129.5671;
32802.5935	,-3220.8912,	468.2400 ;
32430.6203	,-3310.6712,	1186.6800 ;
32093.8003	,-3393.8712,	1866.7400 ;
31830.8803	,-3464.7878,	2399.6000 ;
31560.4649	,-3549.2512,	2942.8329;
31455.7184	,-3569.0313,	3124.1400 ;
31194.8189	,-3646.7912,	3631.9522;
30931.2824	,-3709.3712,	4180.4240 ;
30533.8290 	,-3811.7712,	5081.7955;
30369.6807	,-3878.5710, 	5395.1287;
30244.4385	,-3904.6799,	5563.5020 ;
30036.6986	,-3936.5811,	5679.1912;
29823.3268	,-3949.3767,	5745.2865;
29640.0331	,-3968.7754,	5763.9637;
29532.4318	,-3965.6397,	5747.8439;
29237.2802	,-3952.9652,	5670.3719;
28708.4180 	,-4016.4112,	5546.5588;
27969.6661	,-4101.0112,	5305.5324;
27245.9396	,-4203.3898,	4960.7106;
26712.7148	,-4264.9712,	4701.8319;
26065.2063	,-4328.4156,	4348.3317;
25860.8157	,-4359.9995,	4174.6130 ;
25453.1982	,-4416.8417,	3709.6378;
25019.7181	,-4507.5712,	3195.0697;
24544.3763	,-4583.5914,	2638.6961;
24293.6010 	,-4627.6512,	2454.1011;
24194.6203	,-4636.1712,	2404.8925;
23994.8490 	,-4658.0912,	2341.6370 ;
23545.7579	,-4723.3290, 	2288.6383;
22989.0803	,-4793.2512,	2234.6800 ;
22578.0403	,-4853.4112,	2203.1600 ;
21992.2003	,-4929.3312,	2153.3200 ;
21449.7385	,-5007.0377,	2096.0881;
20890.1939	,-5069.5804,	2044.9875;
20313.4749	,-5134.0743,	1991.9303;
19767.0780 	,-5196.0159,	1929.4181;
19156.2441	,-5232.6312,	1883.6140 ;
18596.3976	,-5233.5712,	1844.3657;
18400.7655	,-5255.1912,	1812.7586;
16618.4121	,-5501.8512,	1639.9787;
14498.4118	,-5749.7282,	1449.8980 ;
13257.7657	,-5950.6912,	1313.2305;
12135.1418	,-6067.0712,	1224.5730 ;
9827.4642	,-6388.5112,	1000.4227;
9052.5997	,-6458.8512,	930.2084;
8200.7643	,-6576.1312,	854.9130 ;
7622.5203	,-6650.1712,	786.0000 ;
6877.2316	,-6765.5112,	729.5149;
5887.4914	,-6776.8126,	610.8250 ;
5634.0403	,-6792.0512,	608.1200 ;
5339.7203	,-6831.9712,	580.6800 ;
4979.1798	,-6868.0054,	559.3558;
4513.6912	,-6951.6912,	502.0802;
4063.8445	,-7000.8148,	483.9403;
3853.6423	,-7013.5780, 	456.3641;
3001.0788	,-7131.9367,	329.8972;
2099.5009	,-7233.2672,	291.2221;
1226.2851	,-7275.9852,	245.1723;
633.9651	,-7337.7192,	194.1013;
146.3324	,-7366.4334,	127.2548;



